  380   8508
  381   8604
  383   8484
  384   8604
  385   9217
  386   9217
  387   8844
  388   9191
  398   9321
  408   9321
  418   9217
  428   9269
  438   9386
  448   9321
  458   9321
  468   9360
  478   9688
  488   9506
  498   9646
  508   9506
  518   9688
  528   9688
  538   9646
  548   9646
  558   9506
  568   9646
  578   9632
  588   9576
  598   9576
  608   9576
  618   9576
  628   9506
  638   9506
  648   9506
  658   9632
  668   9576
  678   9576
  688   9534
  698   9534
  708   9506
  718   9506
  728   9506
  738   9478
  748   9478
  758   9450
  768   9450
  778   9450
  788   9506
  798   9478
  808   9450
  818   9422
  828   9450
  838   9450
  848   9394
  858   9450
  868   9366
  878   9366
  888   9296
  898   9366
  908   9296
  918   9296
  928   9366
  938   9296
  948   9296
  958   9310
  968   9254
  978   9296
  988   9212
  998   9254
 1008   9254
 1018   9212
 1028   9212
 1038   9142
 1048   9212
 1058   9142
 1068   9142
 1078   9142
 1088   9072
 1098   9142
 1108   9072
 1118   9072
 1128   9072
 1138   9072
 1148   9072
 1158   9016
 1168   9072
 1178   8801
 1188   8848
 1198   8792
 1208   8792
 1218   8792
 1228   8792
 1238   8792
 1248   8736
 1258   8792
 1268   8645
 1278   8632
 1288   8632
 1298   8567
 1308   8567
 1318   8489
 1328   8489
 1338   8489
 1348   8424
 1358   8424
 1368   8424
 1378   8424
 1388   8424
 1398   8424
 1408   8372
 1418   8372
 1428   8372
 1438   8164
 1448   8164
 1458   8164
 1468   8164
 1478   8164
 1488   8164
 1498   8112
 1508   8112
 1518   8112
 1528   7836
 1538   7776
 1548   7776
 1558   7776
 1568   7776
 1578   7728
 1588   7728
 1598   7728
 1608   7728
 1618   7596
 1628   7536
 1638   7536
 1648   7536
 1658   7536
 1668   7488
 1678   7488
 1688   7488
 1698   7488
 1708   7128
 1718   7084
 1728   7084
 1738   7084
 1748   7084
 1758   7084
 1768   7084
 1778   6963
 1788   6963
 1798   6908
 1808   6864
 1818   6864
 1828   6864
 1838   6864
 1848   6864
 1858   6864
 1868   6330
 1878   6280
 1888   6240
 1898   6240
 1908   6240
 1918   6240
 1928   6240
